floodsimulation/GISdata&mesh/rpaw_clip.asc
ncols         828
nrows         781
xllcorner     612401.63478176
yllcorner     3337826.7657257
cellsize      29.008767216556
NODATA_value  -9999
[rows 360 to 395 of 781, columns 0 to 79 of 828]
-9999 -9999 -9999 -9999 216.8 230.3 239.5 245.3 247.2 248.5 252.5 260 269 274.3 281 285.8 287 285 284 282.5 280 277 274.5 273.2 271.7 269 266.5 264.7 262.2 261.5 259.7 257.5 255.2 254 254 254.5 255 254.8 254.3 254 254.5 254 253.2 252.2 250.2 248 246.5 245.7 245 244 243.2 243.5 244.2 241.5 238.5 237 235.7 235 235.5 236 235.5 234.5 233.5 230.5 226.7 223.7 223.2 223.8 224 223.7 222.7 221.2 220 220.3 221.8 223.8 226.5 230.5 232 230
-9999 -9999 -9999 -9999 216.3 232 241 246.5 247.8 247.8 251 258.8 267.3 274.3 281 285.8 287 285 284 281.7 279 276.7 275.2 274.5 272.7 268.7 265.2 263.5 262.2 260.8 259 256.2 255 255 254.5 253.5 252.3 250.8 250.5 251.3 253 252.8 252.5 251.2 248.7 247.2 247 246.5 245 243.2 242.8 243.5 243.5 241.2 239 237.5 236.2 235.5 235.5 235 233.7 232.5 231.5 231 228 225.7 225.2 225.2 224.5 223.5 222.5 221 218.7 217.5 218 221.3 224.5 227.8 228.3 226.3
-9999 -9999 -9999 -9999 215.8 230.5 239 244.8 246.8 247.3 249.8 257 265.3 271.3 277.5 282.5 285.3 285.5 284 281.7 279 276.7 275.2 274.5 272.7 267.2 264.2 262.2 261 260 259 257.2 256.7 256.7 255.2 253.2 251.5 250 249.5 250.3 252.2 251.7 251.3 249.7 247.5 246.5 246.5 246 244.7 243.2 242.5 242.8 241.8 240.2 238.7 237.7 237.2 236.5 235.5 234.2 232.2 230.3 229.3 229.3 227.7 226.5 226.8 227.2 225.5 223.2 222 221 219.2 217.5 217.2 219.5 221.8 223.3 223 222
-9999 -9999 -9999 -9999 215.5 228.3 234.8 240.8 244.8 246.8 249.5 255.5 262 267.5 273 277.3 281.3 283.5 281.8 279.5 277.5 276.3 274.5 272.3 270.3 267.2 264.2 262.2 261 260 259 259.5 258.5 257.5 255.7 254.2 253 251.5 250.2 250.3 252.2 251.2 250 248.2 246.2 245.3 244.8 244.5 244 243 242 241.3 240 239 238 237.3 236.8 236 235.2 233.7 231 228.7 228 228.3 226.7 226 227.3 228.2 226.2 222.7 221 221.5 221.2 219.7 218.7 218.2 219 219 218.8 218
-9999 -9999 -9999 -9999 215.3 221.5 230.3 235.3 240.3 243.8 247 251.5 255.8 260 265 269.8 274.3 278.3 278.3 277.2 276 274.5 271.7 268.5 266.3 265 263.7 262.2 260.7 260.7 260.5 259.5 258.5 257.5 255.7 254.2 253 253.2 252.5 252.2 252.7 250.2 249 247.7 246.5 245.2 244 243.3 242.8 242 241 240 239.5 238.7 237 235.3 234 233.8 234 232.7 230 228.2 227.7 227.5 224.8 225 227 228 226.5 223.2 221.5 222.3 222.7 221.5 219.5 218 216.5 215.8 215.5 214.8
-9999 -9999 -9999 -9999 215.8 221 226 229.5 233.8 238 242 246.3 250.3 253.8 257.8 262.3 266.5 272.5 275 275.8 274.7 273 271 268.7 266.7 266 265 263.5 262.2 262.5 262.5 262.2 261 259 257 255.7 254.5 253.2 252.5 252.2 252.7 250.2 249 247.5 246.7 245 243.2 242 241.5 241 240 239 239.5 239.2 236.7 234 232.5 232.3 232.5 231.7 230 228.5 227.7 227.2 224 224.5 226.5 227.5 226.7 225.2 223.5 222.5 222.3 221.5 219.7 218 216.2 215.2 214.2 213.5
-9999 -9999 -9999 -9999 215.8 219.3 222.3 224.5 228 232 236.3 241.3 246 249 251.5 255 259 266.8 269.8 271.5 272 272 272 271.2 270.5 269.7 268.2 267 266.2 265.5 265.5 266.2 265.7 263.2 260.2 258.5 256.7 255.2 255 255 254 249.2 248 247.5 246.7 245 243.2 242 241.5 240.2 239.2 238.2 238.5 240 238 235.5 233.7 232.7 232 231.2 230.7 229.7 229 228.5 226 226 227.5 228.2 228 227.5 225.7 224 223 222.2 221.2 220.2 218.7 217.7 216.5 215.7
-9999 -9999 -9999 -9999 214.5 217 220.8 222.8 225.5 228 231.8 237.5 242.3 244.3 245 246.8 250.3 255.3 262 265 268.8 271.5 273 273.5 273.5 272.5 271.5 271.2 270.7 269.2 269.2 269.7 269.7 267.5 264.2 262.5 260.7 258.5 257 256.2 254.5 249.5 247.7 246.5 245.2 243.5 242 241.2 240.7 240.2 239.2 238.2 238.5 240 238 237 235 233.2 231.7 231 231 230.7 230.5 229.7 227.7 228 229.3 230 230 229.5 228.2 227.2 226.5 225.2 224.2 224.5 222 220.5 219.5 218.7
-9999 -9999 -9999 -9999 212 215.5 221.8 223 223.5 224.8 228.5 234.3 238.5 240 239.8 240 243.5 249.8 257.3 262.3 268.3 272.5 275 276.5 276.7 276 275.2 274.7 274.2 272.7 272.7 272.7 272 269.7 267 265.2 263.2 260.7 258.7 257.2 254.7 250 248 246 244 242.2 241.2 241 240.7 240.2 239.2 238.5 239 240 238.7 237 235 233.2 231.7 231 231 231.7 231.7 230.5 228.7 228.8 230.5 231.5 231.5 231 230.2 230 229.7 228.7 228.2 229 224.7 222.5 221.5 220.5
-9999 -9999 -9999 -9999 210.5 215.5 222.5 222.5 221.5 222 225.5 230 233.3 234.8 234.8 235.3 239.8 247 257 263.5 269.8 273.3 276 278.8 280 280 279.5 278.5 277.7 277.2 276 275.2 273.7 271.2 268.2 266.2 263.7 261 259.2 257.5 254.7 249.5 247.5 245.2 242.5 240.5 240.5 241.3 241.2 240.5 239.7 239.5 239.5 238 237 235.8 234.2 232.7 231.5 231 231.3 231.7 231.7 230.5 228.7 228.8 230.5 231.7 231.5 231.2 231 231.3 231.2 230.5 230.5 231 225.7 223.5 223 222
-9999 -9999 -9999 -9999 211.8 217.3 222.2 221.7 220.7 220.5 222.8 225.8 227.8 229 229.8 231.5 237 244.8 256.5 263.3 269 272.3 274.8 277.8 280.3 281.3 281.5 281 280 279.2 277.5 276 274 271.5 268.7 267 264.7 261.2 258.2 255.7 253.5 248.2 245.7 243.5 241.5 240.2 240.8 241.8 241.5 240.5 240 239.7 238.7 235.3 234.3 233.8 233.2 232.7 232.2 231.7 232 232.8 233 232 229.7 229 231 231.7 231.5 231.2 231 231.3 231 229.7 229.5 229.8 225.5 223.5 223 221.7
-9999 -9999 -9999 -9999 212.8 218.3 221 220.5 219.3 218.3 219.3 222 224.5 226 227.5 231 237.5 244.5 253.8 260.3 266.5 271.3 274.3 276.8 278.8 279.8 280.5 280.8 280.2 279.2 277 275.5 273 270.2 268.5 267.5 265.5 261.7 257.5 254.2 252.2 250 243.5 241.8 241.2 241.3 241.8 241.7 241 239.7 239 238.5 237.5 234.2 233.5 233.2 233.3 233.7 234 233.7 233.5 233.5 233.5 233 231.2 229.3 230.8 231 230.8 231 231 231.3 231 229.7 229.5 229.8 228.2 223.5 221.3 220
-9999 -9999 -9999 -9999 212.8 217.5 219.3 218.5 217.2 215.7 216 219.3 223.3 225.8 228.5 233.8 240 244.5 251 257.8 265 271 275.3 277.5 278 278.5 279.3 279.5 279.5 279 276.5 275.2 272.7 269.2 267 265.8 264 261.2 257.7 254.7 252.5 250 243.2 242 241.7 241.5 241.3 240.8 239.7 238.2 237.3 237 237 235.7 235.2 234.5 234.5 235.2 235.7 235.7 235 234.2 233.5 233 232.5 230.2 230.5 230.2 230.5 231 231 231 230.2 229 228.5 228.2 227.5 223 221.3 220
-9999 -9999 -9999 -9999 213.8 217.3 218.5 217 215.7 214.5 215 218.3 222.3 225.5 229.5 234.8 239.5 242.8 249 256.3 264 270.5 275.5 277.8 278.3 279 279.5 279 278.3 278 275.5 274.3 272.5 269 264.5 261.3 260 259 257.2 254.7 253 251 245 243.7 242.7 241 239.8 239.8 239.2 238 237 236.8 237 237 236.5 235.7 235.8 236 236.3 236.2 235.5 234.5 233.7 233.5 233.5 232 231.5 230.7 230.5 230.5 230.5 230.5 230 229.2 228.7 228 226.7 221.7 219.5 218.8
-9999 -9999 -9999 -9999 213.3 216 217.3 214.8 213.5 213.8 215.5 217.8 220.3 223.3 227.3 231.3 235.3 239 242 253.5 261.5 268.3 273.8 276.8 277.5 278.5 279.3 278 276.3 275 272.8 271.3 270 266.2 261.2 258 256.3 255.8 255 253.2 252 250.5 246.2 244.2 242.7 240.7 239.5 239.8 239.7 239 238 237.5 237.5 237.2 236.5 235.7 235.5 235.5 235.8 236 235.5 234.5 234 234 234 233.7 233 232 231 230.2 229.5 229.3 229.8 229.7 228.7 226.7 224.3 220.7 218.7 218
-9999 -9999 -9999 -9999 209.5 211.8 213 210.5 210.3 212.3 215.5 217.5 218.3 219.3 221.5 225 229.5 234 237.8 248.3 255.8 263 269.5 273.8 274.8 275.3 276.3 275.3 273 271.3 269 267 264.8 261.2 258.8 257 254.7 254 253.7 252.5 250.5 249 246.2 244.2 243 241.5 240.5 240.5 240.2 239.7 239.2 238.7 238.2 237.5 236.2 235 234.8 235.3 235.8 235.7 235 234 233.5 233.5 233.8 234 233 232 231.2 230.5 229 228 229 229.5 227.7 224.7 221.7 220.5 218 216.8
-9999 -9999 -9999 -9999 209.5 211.8 208 206.8 207.8 210.5 214.3 216 215.3 214.3 215.3 218.8 223.8 229.3 234 243.3 249.8 257 264 269.8 272.3 272.8 273.5 272.5 269.5 267.3 264 262.5 261.2 259.7 258.2 256 254 253.8 253.7 252.2 250 248.5 246.5 244.7 243.5 242.2 241.2 241.3 241.2 241 240.7 239.7 238.2 237 235.2 234.2 234.5 235.8 236.5 236 234.7 233.5 232.7 232.5 233 233.5 231.7 230.5 230 229.8 228.5 227 226 226.3 226.2 223.7 221.2 219.5 216.5 215
-9999 -9999 -9999 -9999 204.5 206.8 208 206.8 207.8 210.5 214.3 216 210.8 209 209.8 213.3 218.8 225 230.5 240.3 246 252.5 259.8 266.5 270.8 272.5 272.7 270.2 265.5 261.3 258.3 258.5 259.3 259 257.7 255 253 252.5 251.8 250.5 249.2 248 246.5 244.5 243 241.7 240.5 240.8 242.3 243.5 243 240.2 237.2 235.8 234.2 234 234.5 235.8 236.8 236.5 235 233.7 233 232.2 232.3 232.3 230 229.2 228.7 228 226.8 224.8 221.5 221.3 223.3 222.2 220.3 216.2 213 211.5
-9999 -9999 -9999 -9999 201.3 203.8 204.8 204 205.8 208.8 211.8 212.5 210.8 209 209.8 213.3 218.8 225 225.8 235.8 241.8 248 254.8 261.8 266.8 269.5 270 266.5 260.7 255 250.5 252 254 255.5 256.3 254.5 251.7 249.5 247.8 247 247 246.5 244.8 243.2 242 240.5 239 239.3 241.5 244 243.2 239.2 236 235.3 234.2 234 234.3 235 236.3 236.5 235.2 234.2 233.7 232.7 231.7 230.7 227.5 227.8 227.5 225.7 223.8 221.7 219.5 219 220 219.3 217 215 209.5 208.5
-9999 -9999 -9999 -9999 198.8 201 202 201 202.8 205 207 208 206.8 205 205.5 209 214.8 220.8 225.8 235.8 241.8 248 254.8 254 258.3 260.8 261.8 259.5 255 249 244.3 243.3 247.5 252.3 254.3 252.7 248.7 244.8 242.5 242.8 244.3 244.5 243.8 243 242.2 240.2 238.2 238 239.8 242 241.5 238.5 236.5 236.2 234.7 234 234 234.3 235 235.3 234.5 233.5 232.8 231.5 229.8 228.3 225 225.5 225.3 222.7 220 219 219 219 218.5 216.7 214.5 212.5 208.7 207.7
-9999 -9999 -9999 -9999 194.8 196.8 198 197.3 198.3 199.8 201.5 203.3 203 201.8 202.5 205.8 210.3 214.8 219.3 228.8 235 242 248 254 258.3 260.8 261.8 259.5 255 244.7 240.5 236.5 240.5 246.5 249.5 248 244 240.2 238.3 239.5 242 242.8 242.5 243.3 242.7 240.2 237.7 237.5 239.3 241.3 241.2 239.5 238.2 237.7 235 234 233.7 233.5 233 232.5 232 231 230 228.3 226 224.8 224 224.3 223.7 221.2 218.5 217.8 218.5 218.7 217.5 215.5 213.5 211.7 209 207.2
-9999 -9999 -9999 -9999 191.5 192.5 193.3 193.3 193.8 194.5 196.3 198.8 199.3 198.5 199.3 201.3 203.8 206.5 210.3 220.8 228 234.8 240 245.3 249 251.5 253.3 252.8 249.7 244.7 240.5 236.5 240.5 246.5 249.5 241 239 237.5 237.3 238.8 240.8 241.5 241.3 241.5 241 239.2 237.7 238.3 240.3 241.8 241.5 240 238.7 238.2 237.2 233.5 232.8 232.3 231.2 230 229.3 228.5 227.5 225.5 223 222.3 224 224.7 224.7 223 220.5 219 218.5 218.2 217 214.5 212 210.8 210 208.7
-9999 -9999 -9999 -9999 187.5 186.8 187.5 189.5 190.5 190.5 191.8 194 194.8 194.8 195 195.3 196.3 198 200.5 204.3 219.3 226.8 232.3 238.3 243.3 247.3 250.3 250.7 249 245.2 240.5 233 234 237.8 241 241 239 237.5 237.3 238.8 240.8 241.2 240.5 239.3 238.5 238.3 239 240.2 241.8 242.5 242 240.2 238.7 238.5 237.7 232.7 231.5 231.5 230.7 228.7 227.3 227 226.2 224.2 222.2 221.8 224.5 226.3 226.7 225 222.5 220.2 218.2 217.3 216 213.5 211.2 210.2 211.3 211.5
-9999 -9999 -9999 -9999 182.5 180.5 182 186.3 187.3 187.5 188.8 189.8 190.5 191.3 191 190.3 190.5 191.5 193 196 210 219.3 227.3 234.8 240.5 245.3 248.8 250 249.5 246.5 240.5 230.5 228.3 229.3 231.8 233.3 234.3 235.8 237.3 239 240.8 241.2 240.5 239.3 238.5 238.3 239 241.5 242.3 242.5 242.2 240.7 239.2 239 238 233.5 232.5 233 231.5 228 226 225.8 225.5 224 222.7 222.5 223.5 227.8 227.5 225 222.5 220.5 218 215.2 213.5 212.5 211.2 209.7 210.5 211.5
-9999 -9999 -9999 -9999 180.5 178.7 180.8 184.5 184.5 185.5 186.8 187 187.5 187.8 187.3 187 187.3 187.5 188 190 201.5 210.8 221.5 231 236.5 240.5 244.3 246.8 248 246.2 240.5 234 223 223.3 225.8 228.8 232.3 235.3 237 238.3 240 241 240.7 239.2 238 238.3 240 241.5 242.3 242.5 242.2 240.7 239.2 238.5 237.5 235 235.2 235.5 233 228.5 225.5 224.5 224.5 223.7 222.5 222.5 223.8 227.8 226.5 223.5 221.5 220.2 217.5 213.5 211 210.3 209.3 207.8 208 209
-9999 -9999 -9999 -9999 184.2 182 183 184.8 184.2 185.3 186.3 186.7 186.7 185.7 185.3 185.8 186.3 186.2 185.5 184.8 192.8 201 211.5 221.5 228.8 233.5 237.5 241 244 244.8 240.7 233.5 221 221.3 224.3 229.3 234.3 236.7 237.5 238 239 240 240.8 239.2 238 238 239.3 240.3 240.5 240.8 240.8 239.8 238.8 238.5 237.5 235 235.2 235.5 233 230.7 226.5 224.5 224 223.2 221.7 221.5 222.5 225.3 223.5 220.8 219.5 219 216.7 213 209.7 207.7 206.5 205.8 206 207
-9999 -9999 -9999 -9999 193.5 189.7 188.7 188.7 188.2 186.7 187.5 190 191.5 191.2 190.2 189 188.2 187.2 185.7 183.5 187 192.5 199.5 208.8 219.5 227.5 232.3 235.8 238.8 240 236.5 230.2 221.2 222.5 226.8 232.5 236.8 238 238 238.5 239 239.5 240.3 239.5 237 236.8 237.5 237.8 237.8 238.3 238.3 237.8 237.8 238 237.2 236.5 237.2 237 235 230.7 226.5 224.5 224 223.2 221.7 221 221.3 222.5 219.7 217.3 216.8 216.8 215.5 212.7 209.2 206.7 205.5 205 204.7 206
-9999 -9999 -9999 -9999 204.7 202.7 200.7 199 197.2 190 192 196.7 199.5 199.7 197.5 194 191.5 189.7 188.2 186 184.5 186.5 190.5 198.3 209.5 221.3 229.3 232.8 233.5 231.8 227.5 223.3 221.5 225.8 231 235.3 237.3 237.5 237.5 237.8 238.3 239 239.3 238.2 236.7 236.2 236.3 236.5 236.8 237 237 237.3 237.8 237.7 237.2 237.5 238 237.5 235.7 232.2 228.2 225.5 224.2 223 221.5 221 221.3 222.5 219.7 217.3 216.8 213.8 213 211.2 208.7 207 206 205.2 204.5 205
-9999 -9999 -9999 -9999 213.2 213.2 211.2 208.2 203 194.7 198.3 202.5 204 203.2 201 197.7 195 193.5 192 190 186.7 186.2 187.5 191.8 200.5 214.3 225.5 230 229.5 225.5 220.2 216.8 220.5 227 233 236.3 237 236.7 236.5 236.5 236.8 237.5 237.5 236.8 236.8 236.7 236.5 237 237.5 237.5 237.5 238 238.2 237.2 236.5 237.3 237.3 236.5 234.5 231.7 228.7 226 224.2 222.5 221.2 221 221.3 220.5 217 214.5 214 213.8 213 211.2 208.7 207 207 206.2 205.5 204.8
-9999 -9999 -9999 -9999 217.7 216.7 214 210.2 205.7 201.2 203.7 206 206.2 205.5 203.5 201 199 197.5 196.2 194.7 193 188.7 187 187 194 208 219.5 225 225.3 221.7 217 214 219.8 226.3 231.5 234.8 236 235.3 234.8 235 235.3 235.8 235.5 235 236.5 237.5 237.5 238 238.5 238.5 238.5 238.8 238.2 236.7 235.7 235.8 235.5 234.3 232.2 230.2 228.2 226 223.7 221.5 220.5 220.5 220.5 217.5 214.5 212.5 211.8 211.3 210.5 209.5 208.5 207.7 207 206.2 205.5 204.8
-9999 -9999 -9999 -9999 219 216.5 212.7 209.7 207.5 206.7 208.5 209.7 210.2 209.5 206.5 203.7 202 200.5 199 197.2 195.2 190 187 185 189.8 201.8 212.3 217.5 217.8 215.3 213.8 213.8 221.5 226.5 229.5 232.3 234 233 232.3 233 234 234.8 234.5 234 237 238.5 238.2 238.3 238.8 239.3 239.5 239.2 238 236.5 235.2 234 232.3 230.8 229.5 228.5 227.2 225.5 223.2 221 219.7 219.3 218.8 215.5 213 211.2 210.5 210 209.2 209.3 209.2 208.7 208.2 208 207.5 205.2
-9999 -9999 -9999 -9999 218.5 215.5 212 210.2 209.7 210.2 212 212.7 213.5 212.7 209.2 206 204.2 202.5 200.2 197.7 195.2 191.2 188.2 185.7 187.3 195.3 204.8 209.5 210.3 210.3 212 214.8 224.5 227.8 229.5 231.3 231.8 231 230.8 231.8 233.3 234.8 235.2 235 238.5 239.7 239 238.2 238.5 239.5 240 239.2 237.5 236 234.7 233 228.5 227 226.5 226.3 225.5 224 222.2 220.7 219.2 218.2 217.7 217 213.5 211.5 210 209 208.8 209.8 210.5 210 209.5 209.5 209 205.7
-9999 -9999 -9999 -9999 219.7 217 214 212.2 212.5 213.2 214.2 214.5 215 214.2 210.7 207.7 206.5 205.2 202.7 199 196.2 193.5 190 186.2 185 189.5 197.3 202.3 205.5 210.3 214.7 217.7 221.5 228.5 228.8 229 228.8 229 230 231 232.5 234.5 236 236.5 239 240 239.7 239 238.8 239.5 240.3 239.7 238 236.2 235 233 226 224.3 223.8 223.5 223 221.8 220.5 219.5 218.2 217.5 217 216 213.7 212.2 210.5 209 209.3 211 211.7 211 210.5 210.2 209.7 206.5
-9999 -9999 -9999 -9999 221.7 219.2 216 214 214.3 215.2 215.7 216 216.2 215 211.7 209.2 208.5 207.7 204.2 199.7 197.7 195.5 190.7 185.5 182.8 185.5 192 197.8 203.3 210.8 217.8 221.5 223.5 227 226 225.5 225.8 227.3 229.3 230.3 231.5 233.8 236 237.3 238 239.3 240.3 240.2 239.7 240 241.5 242.2 241 238.2 235.2 232.5 225 222.7 222 221.5 221 220 219 218 217.2 217.3 217.2 216.2 214.7 214 212.5 211 211.5 213 213 212 211.5 211.2 211 210
-9999 -9999 -9999 -9999 221.7 219.2 216 214 214.3 215.2 217.5 217.5 217.5 216.2 213.5 211 210 208 203.2 199.5 198.2 195.7 191.2 185.7 183 184.5 189.5 195.3 201.8 210.3 219 224.3 225.2 224.3 223.3 223.8 225 226.8 229 230.3 231.5 233.5 235.3 236.3 236.5 239 240.5 241 240.7 241 242.5 243.5 242.2 238.7 234.7 232 225.7 223.2 222.2 221.7 221 220 219 218 217.5 218.5 219.7 219.2 217.5 217 215.7 214.5 215 215.2 214.2 213.2 212.5 212.2 212 211
-9999 -9999 -9999 -9999 221.5 219 216 214.2 215 216.5 217.5 217.5 217.5 216.2 213.5 211 211 208 204.2 201.5 199.7 195.5 192.2 188.2 185.7 185.3 187.8 193 200.3 209.3 218.8 225.5 226.2 222 221.3 222.8 225.5 228 229.8 231.3 232.8 233.5 233.8 233.8 234.8 239.5 240.8 241 241 241.3 241.5 241.3 239.8 237 234.2 232.2 226.7 224.5 224 223.7 222.7 221.2 220.2 219.7 219.7 221.2 222.7 222 219.2 218.7 218 217.5 218.5 218.5 216.7 215 213.7 212.7 212 211.2
