floodsimulation/GISdata&mesh/rpaw_clip.asc
ncols         828
nrows         781
xllcorner     612401.63478176
yllcorner     3337826.7657257
cellsize      29.008767216556
NODATA_value  -9999
[rows 108 to 143 of 781, columns 0 to 79 of 828]
-9999 208.5 205.5 202.2 199.2 197.2 196.5 200.3 202.8 205 206.8 207.8 209 210 210.3 210.3 209.3 208.3 207.5 203.7 200.5 198.5 198 197.7 196 193.7 193 193.8 194.5 193.7 192.3 191.3 190.3 189.8 189 187.7 186.7 186.5 187 186.2 182.7 179.3 175.3 172.5 168.2 164.5 162.8 162 161.2 160.2 158.2 156 154.5 154.5 153.7 153 153 153 153 153.8 160 171.3 183.3 192.8 198 201.2 201 200.5 199.2 197.7 197.8 198.3 196.7 194.5 193 192 190.7 185.5 182.5 181.2
-9999 209 207 205 202.5 200.2 198 195.3 196.8 200 203.3 205.3 206.8 208 208.8 208.5 207.5 206.7 206 203.5 201.2 199.5 199 198.5 195.7 192.2 190.5 190.8 192.5 193 190.7 189.2 188.3 187.5 186.5 185.5 184.8 185 186.5 185.5 180.2 175.5 171.8 169.7 166.2 163.2 162 162 161.2 159.5 157.5 155.5 154 153.8 153 153 153 153 153 153.8 160 171.3 183.3 192.8 201.2 203.5 203.5 202.2 200 197.7 196.3 196 194.7 192 189.8 189.3 189.3 186 184.2 184.2
-9999 210.5 209 207 204.7 203.2 201 192 192 195.8 199.5 202.3 204 205.3 206.3 206.8 206.7 206.2 205.2 202.7 201.5 200.5 199.7 198.5 195.2 191.5 189.2 188.8 190 190.8 189.8 186.8 186 184.3 182.3 181 180 180 181.5 180.8 176.7 172.7 168.8 167.7 165.7 163.5 162.2 161.7 160.5 158.7 158 156 153.5 153 153 153 153 153 153.8 156.3 163.3 176.5 190.3 198 201.2 203.5 203.5 202.2 200 197.7 193.7 193 192.8 190 187.2 186.5 187 188.5 188.2 188.7
-9999 211.5 210.2 208.5 206.2 204.7 203 192.5 190.5 192.5 195.8 199 201.3 203 204.5 205.8 206.5 206 204.7 201.7 201 200.7 199.7 197.5 194.5 191.5 189 187.5 187.3 187.3 186.3 183.5 182.8 181 179 177.3 176 176 176.8 176.5 174.7 172 169 168.2 166.2 164 162.2 161 159.5 158 156.8 154.5 153 153 153 153 153 153.5 156.3 160.7 167.8 180 193 200.3 202.5 203.5 203 200.5 197.5 195.8 193.7 193 192.8 190 187.2 186.5 185.8 190.5 191.5 192.5
-9999 211.7 210.2 208.5 206.2 204.7 203.2 199.5 190.7 190.3 193 196.5 199 201 203.3 204.8 205.5 205.5 204.2 200.7 200 200.3 199.7 197.5 195 193.2 191.2 188.7 187 185.7 184.2 181.7 180.5 179.2 178.2 177 176.2 176.7 176.7 175.5 174.2 173 171.7 169.7 166.5 163.5 161 159.5 158 156 154 153 153 153 153 153 153.5 155.5 160 166.5 174.3 184.5 194.5 200.3 202.3 202.8 201.7 199.2 196.7 194.5 191.5 190.5 190.5 188.5 186.5 185.5 185.8 190.5 191.5 192.5
-9999 211.7 209.5 208 206.5 204.7 202.7 199.7 191 189 191.3 195 197.5 199.5 201.5 202.5 203.3 204 203 198.3 197 197.8 198.3 197.5 196.5 196 195 192.5 189.7 187.2 185 182.2 182 181.7 182 182.5 182.7 183.2 181.5 178 176.2 176.2 176 169.7 165.7 162.7 159.2 156.8 155.3 153.7 153 153 153 153 153 154 156.5 160 165.3 173.3 182.8 191.5 198 202 203.7 203.7 202 200.7 199.2 196.2 192.2 190.7 190.2 188.5 187 186.2 186.7 191.3 192.5 194.3
-9999 210.5 208.7 208.5 207.5 204.7 201.5 199 191.2 188.5 189.8 193.8 197.5 199.8 200.2 200.3 201.5 202.8 201.7 194.8 193.5 194.5 195.8 196.3 197 197.2 196.2 194.2 192 189.7 188 184.7 185.7 187.7 189.7 191 190.5 189.7 187.2 182.7 180.2 180.2 179 167.7 163.7 161.2 158 154.7 153.2 153 153 153 153 153 153 155.3 160 165.3 171.8 181 191.5 199 203 205.2 205.7 204.5 202.5 202 200.2 197.2 193.7 191.7 191 189.7 188.5 188.2 189.7 192.7 193.7 195.5
-9999 209.7 208.8 209 208 204.5 200.5 198.5 192 188.2 187.8 191.3 196.5 199.8 199.7 199.3 200.5 202 201 197 192.5 193.3 194.3 195.3 196.8 197 195.2 193.5 192.7 192 191.7 188.7 189.5 192 194.3 194.7 193 191.3 189.2 185.7 183 181.5 178.2 165.7 161.5 159.2 156.5 153.7 153 153 153 153 153 153 153.3 156 162 169.3 177 187.3 198 203.8 205.5 206.3 206 204.2 202.8 202 198.7 194.7 191.8 190.5 190.8 190.7 190.2 190.5 192.3 194 195.3 196.5
-9999 209.7 208.8 208.8 208 204.7 201 198.7 193.7 188.7 186 187.8 192.5 197 198.5 198.5 199.3 200.3 199.5 197 193.7 194 194.5 195 195.8 195.8 194.7 193.7 193.2 193 193.3 191.7 192 193 194 194.2 192.2 189.5 187.2 184.5 181.5 178.5 174 164 160.5 157.5 154.2 153 153 153 153 153 153 153 154 157.3 163.5 171.8 180.8 192 202 205.5 205.8 206 205.2 203.5 202.5 201.2 197.2 192.2 189.2 189 190.3 191.3 191.5 191.2 191.8 193.3 195.3 195.8
-9999 210.2 209 208.8 208 204.7 201 198.7 193.7 190.5 185.7 184.8 188.3 193 196 197.3 198 198.5 198 196.7 194.7 195 195 194.5 194.5 194.5 194.5 194 192.7 191.5 191.3 191.8 192.3 193.3 194 193.7 191 187.7 185.2 182 178 174.2 170.2 163.2 160.7 156.5 153 153 153 153 153 153 153 153 153.5 158.3 164.3 174 185.3 196.5 204.5 206.7 206.7 206.7 205.2 203 201.7 200 196.5 192.2 189.2 188.8 190 191.5 191.7 190.7 190 191.5 196.5 197
-9999 209.3 207.8 207.5 207.2 204.7 201.7 199.7 195.7 190.5 185.7 184.8 188.3 193 196 195.5 197.5 198.7 198.5 197.2 195 195 194.2 193.3 193.3 193.5 193.3 192.5 191 189 188.3 189 191.5 193 194 192.5 188.7 186.2 184.2 181 176.7 172.2 168.2 163.2 159.2 154.7 153 153 153 153 153 153 153 153.5 154.8 159.8 167.3 180.5 194 203 207.7 208.5 208.2 207.7 205.7 203.5 201.2 199 195.5 192 189.5 188.8 189.8 191.5 192.7 192.5 192 193.7 200 201.5
-9999 206.8 205.5 205.5 206 204.7 202.7 201 199.5 193.2 187.2 183.7 185.5 189.3 192.8 195.5 197.5 198.7 198.5 197.2 195 194.5 193.2 192 192 192.3 191.8 191.2 190 187.7 186.3 186.5 189 190.5 191 189.3 186.5 185 182.7 179.5 175.7 170.7 166.5 162.7 157.5 153 153 153 153 153 153 153 154.8 156.5 157 165 176 192 204.5 210.2 211.5 210.2 209.5 208.2 206 204 201.5 198.2 193.7 190 188 188.3 189.5 191.8 194.5 195.7 196.7 198.7 203.5 205.5
-9999 204.7 203.5 203.5 204.5 204.2 203 201.5 200.2 195.5 189.2 184 183 185 189 193.5 197.3 199.5 200 198.7 195.5 194.5 193.2 192 192 192.3 191.8 190.3 189 186.7 184.5 183.8 185 186 186.3 185.5 184.8 183.7 180.2 176.3 172.2 167.7 165 160.7 155.2 153 153 153 153 153 153 154.5 158.5 160.7 161 172.3 185.5 200.8 209.8 212.8 212.5 210.7 209.7 208.2 205.7 204 203.5 198.2 193.7 190.5 188.7 189 190.3 192.8 195.8 198.3 200.2 201.8 205.5 207.3
-9999 203.2 201.5 201.3 202 202 201.3 201 201 196.5 191 184.5 180 179.8 184 190 195 197.5 198.5 198.5 195.7 194.5 193 191.5 191 190.8 190.5 190.3 189 186.7 184.5 183.8 185 182.3 182.5 182.8 183 181.7 177.7 173.7 169.5 165 161 158.8 153 153 153 153 153 153.5 154.2 156.5 160.3 163 165.2 180 193.8 206 211.8 213.2 212.2 210.2 209 207.2 204.7 203.5 203.8 198.5 195.5 194.2 192.7 191 191.8 194.8 197.8 200.3 202 203 207 208.5
-9999 203 200.7 200.3 200.5 199.7 199 199.3 199.5 196.5 192.7 186.2 179.7 177.2 179.8 186.3 191.8 193.8 195 196.3 195 194 192.5 191 190 189.5 189 187.8 186.3 184.8 182.7 181.3 181.8 182.3 182.5 182.8 183 181.7 177.7 171 168.5 161.7 155.2 153 153 153 153 153 153.8 155.5 156.7 157.5 160 163.8 168.3 189.3 202.5 210.8 213.5 213.5 212 210 208.2 206.2 204 202.7 202.8 198.2 196 195.8 194.5 192.2 192.8 195.8 198.8 201 202.3 202.8 208 210.8
-9999 203 201.2 200.8 200.5 199 198 197.7 197.3 194.5 192.2 188.2 182.7 178.5 178.8 184 188.8 190.5 192.3 194 194.8 193.7 191.7 190 189 188.5 187.5 185.5 184.2 183.7 183 182 180.8 180.7 180.5 180.5 180.3 177.8 173.3 171 168.5 161.7 155.2 153 153 153 153 153.3 154.3 156.3 158 159 161.3 165.5 172.5 200.5 210.5 214.2 214.5 213 211.2 209.7 208 206.2 204.2 202.2 201.5 197.5 195.2 194.5 193.7 192.7 193 194.8 197.5 200.3 202 202.5 204 212
-9999 202 201.2 201.3 200.7 199 197.7 197 195.5 191.5 189.5 187.5 183.7 179 178.3 182.3 186.3 188.8 191 192.8 194.5 194.5 192.2 190.5 189.5 188.7 187.2 185.5 185 185.2 185.5 185.2 182.7 181.7 180.2 178.7 176.8 172.2 167.5 166.8 163.5 156.2 153 153 153 153 153 153.3 154.3 156.3 157.3 160.3 164.5 170.5 179.5 194.3 214.8 215.7 214.5 212.5 211 210 208.7 207 204.2 202 201.2 196.7 194.7 194 194 194.2 194.5 195 196.5 199 202 204 205 211.8
-9999 201 200.8 201.3 200.7 199 197.5 196.5 194.7 189.7 187.7 186.5 183.5 178.7 177.3 180.3 184.8 189 192.3 194 196 196.2 193.7 192 191.2 190.5 188.5 186.7 187 188 188.5 188 186 184.7 181.2 178 175 169.7 165 161.3 156 153 153 153 153 153 153.3 153.8 154 155 157.3 160.3 164.5 170.5 179.5 194.3 213.3 213.8 213.3 212.2 211.2 210.7 209.5 206.7 203.2 201.5 201.2 196.5 194.5 194.3 195 196 196.7 196.7 197.3 199.3 202.3 204.8 205.8 211.8
-9999 200.7 200.8 201 200.2 198.5 196.7 195.8 194.2 189.5 188.2 187.7 185.5 181 177.5 177.8 181.5 187.8 193.3 195.8 197.8 197.5 194.7 193 192.7 192.5 190.7 189 190 192.2 192.2 190 188 186.5 182 178.2 175.2 170.2 162.7 155.5 153 153 153 153 153 153.3 154 154.7 155.2 155.7 157 161.3 169.8 179.5 188.5 199.3 213.3 213.8 213.3 212.2 211.2 210.7 208.5 205.5 202 200.8 201 196.5 194.5 194.5 195.5 196.8 198.3 198.7 199 200.5 202.8 204.8 206.5 213.3
-9999 201.2 201 200.5 199.2 197.2 195.2 194 192.2 190 188 187.5 187 184 178.5 175.3 177 183.5 190.8 194.5 196.5 196.7 195.2 194.2 194.5 194.2 192.5 191.2 193.5 196.5 195.5 191.7 188.7 185.7 181.2 178.2 175.2 166.5 156.7 153 153 153 153 153 153.3 153.8 154.5 155.8 157.3 158.2 159.7 165.8 178.3 190.2 197.7 204.8 210.8 211.5 212.5 212.2 210.7 209.8 208.5 205.5 202 200.8 201 199.5 194.5 194.5 195.5 197 199 200 200 200.8 202.8 205.3 208 214.3
-9999 201 200.3 199.2 197.7 195.7 193.7 192.2 190.5 188.7 185.5 184.8 186 185 179.2 172.7 172.8 179.5 187.5 192 193.8 194.8 195.3 195.5 196 195.7 193.5 192 194.5 197.3 196 192 188.5 184.7 180.2 177.5 169.7 157.7 153 153 153 153 153 153 154.3 155.5 155.7 156.3 158.3 161.3 166 174.5 187.8 199.5 206.2 211.2 211 211 211.8 211 209 207.8 206.7 204.2 201.2 200.8 201.2 199.2 194.5 194.5 195.5 197 199 200 200.5 201.3 203.3 205.8 208 213
-9999 200.5 199.5 198.5 197 194.7 192.5 191.5 190.7 189.5 183.2 181.8 183 183 178 171 170.5 178.3 186.8 191.5 193 192.5 194 195.5 196.3 196.2 194.5 192.2 192.8 194 192.5 189 186 183.5 180.5 171.7 158.7 153 153 153 153 153 153 153 153.5 158.7 158.2 157.7 159.5 165 173.8 184.5 196.5 206 211.5 214 212 210.5 209.3 207.8 206.5 205.5 204.5 202.7 200.7 200.8 200.7 198.2 194.2 194.5 195.5 197 199 200.3 200.5 201.3 203.3 205.8 208 213
-9999 200.5 199.5 198.5 197.2 194.7 192.2 192 192.5 191.7 183.2 179.5 178.8 178.5 174.5 169.5 170.3 177.5 185.3 190.8 192.8 191.2 192.3 194.5 195.8 195.5 194.2 192 189.8 188.3 186.8 185 182.7 181 173.5 159.7 153 153 153 153 153 153 153 153.3 153.8 160 160.2 160.7 163.7 170.8 181 193 204 210.5 213.3 213.5 211.7 209.7 206.7 204.5 204 203.2 202 201 200 199.8 199 196.7 194 194.5 196.3 198.5 200.7 202.5 202.7 204 206.2 207.5 208.5 210.5
-9999 200.5 199.5 198.7 198 196.2 194.5 194.2 194.5 193.7 185.2 179.2 176 174.8 172 168.7 169.5 174.8 181.3 187 190.5 190.5 191.3 193.8 195.5 195.2 194 192 188 184 182 181.5 180.2 172.2 159.5 153 153 153 153 153 153 153 153.3 153.8 153.5 159.5 162.7 166.5 172.7 180.5 189 199 208.8 214 214.7 213 210.5 209.2 206.7 204 202.7 201.7 200.2 199.3 198.3 197 195.8 194.5 194.5 195.7 198.5 201.7 204.2 206.2 207.2 208.7 210.2 210.2 211 213
-9999 200.5 199.5 198.7 198 197 196.2 196 195.7 195 187.5 181.2 177 175.2 172.7 169.7 169 171.8 177.3 182.8 187 189.8 191.8 193.3 195 195.5 194.2 192.2 188.2 183 179 177.3 177 159 153 153 153 153 153 153 153 153.5 154.7 155.2 154.5 161.5 168 176 183.7 190.5 197 204.5 211.8 215.3 214.7 212.2 209.5 208 207 204.7 202.5 200.5 199 198 196.5 194.2 192.5 192 195.3 198.5 202.2 205.2 207.5 210 212.5 213.5 213 213 214.7 216
-9999 199.3 198.5 197.5 196.5 195.8 195.3 195 195 194.5 188 182.7 179.2 178.2 175.7 171.2 168 168 172 177.5 182.3 187.3 193 193.2 194 194.3 192.3 189.8 186 180.5 175.5 172.3 167.8 158.7 153 153 153 153 153 153 153.8 155.5 157.2 157.5 157.5 166 175 185 192.2 198 204 209.5 213 214 213.2 211 207.7 205.3 205.5 204.7 202.5 200 198.5 197.5 196.2 194.2 192.5 192.2 195.8 200.5 205.8 209.5 211.7 214 216.5 217.2 216.5 217 218.5 218.2
-9999 199.3 198.5 197.5 196.5 195.8 195.3 193.3 193 192.3 186 182.2 179.7 179.3 177.7 173.2 168.2 165.5 166.8 170.8 175.3 182 193.5 193.7 193 191.5 188.3 185.3 181.2 175 169.3 163.8 156.7 153 153 153 153 153 153 154.3 156.5 157.7 158 157.8 158.8 170 180.3 190.5 198.3 204.5 209.5 212 212.3 212 211.5 209.7 206.7 203.3 204 204 202 199.5 198.2 197.7 197 195.7 194.7 195.5 198 202.5 208.5 213.3 215.7 217.2 219 220.5 220.7 220 219.5 219.2
-9999 197 196.5 195.5 194.5 194 193.8 193.3 193 192.3 189.7 182.2 179.7 178 177.2 174.7 170.2 165.7 164.3 165.8 168.8 175.3 192 193.7 192 188.2 183.3 179.8 176 169 161.3 155.5 153 153 153 153 153 153 153.5 156 158.8 159 157.5 156.5 158.8 174.5 185.8 196 204 209.5 212 212 210.7 210 209.8 208.5 206.2 202.7 202.8 202.5 200.7 198.5 197.8 198 197.7 197.5 198.2 200.2 202 205.8 210.3 214 216.8 219.3 221.5 223.5 223.7 221.2 219.2 219.8
-9999 195.7 195.2 194.5 193.2 192.5 192.5 192 191 189.5 186.2 180 178.5 178 177.2 174.7 170.2 165.7 164.3 163.3 165.5 170.5 188.3 192.5 191 185.2 178 172.5 169.8 163 155 153 153 153 153 153 153 153.5 154.3 156.3 158.8 159 157.5 157 161.3 170.3 193.3 202.8 209.3 212.3 212.5 211.2 209.5 208.5 208.5 207.7 205.7 202 201.3 200.5 199.5 198.5 198.5 199.2 199.5 200 202 204.7 206.7 209 211 213.5 216.5 219.8 222.8 225 225.2 223 221 221.2
-9999 195.5 195 194.5 193.2 192.2 191.7 190.2 188 186 183.2 178 176.7 176 175.3 173.3 170 166 163.2 163.3 165.5 170.5 188.3 192.5 191 181.5 174.5 167.7 162.5 156.5 153 153 153 153 153 153 153.5 154.3 154 155.5 158 158.8 160.2 163.5 169.5 179 199.5 207.8 211.8 212.5 212.2 211 209 207.5 207 206.8 205.2 201.5 200.5 200 200.2 200.5 201 202 202.5 202.7 204.3 206.3 207.8 210.5 211.8 213.8 216.5 220 223.3 225.5 226 224.5 222.7 222.5
-9999 195.2 194.7 194.2 193.2 192 191 188.5 185.7 184.5 183.7 180.2 178 176 174 171.5 169.5 167 163.7 162 163.5 168 175.8 189 187.3 181.5 174.5 167.7 162.5 156.5 153 153 153 153 153 153.3 154 153.5 152.8 155 158 161 166.5 173.5 181 189 204.5 211 213.2 212.7 212 210.7 209 207 205.7 205.5 204.5 201 200.2 200.8 202 202.7 203.5 204.2 204.2 203.7 204.5 205.8 206.8 209.8 211.5 213.5 216.3 220.5 224.5 226.8 226.7 224.7 222.5 222.5
-9999 195 194.5 193.7 192.5 191 190.2 188.7 187.2 187.5 188.5 186.5 184.2 180.7 177.2 175 172.2 169 164.7 161 161 165 172.3 182.5 179.8 175.3 170.7 165.2 157.7 153 153 153 153 153 153 153.3 154 153.2 153.7 157 161 166 173 181.5 190 197.3 209.3 213.3 214.7 213.5 211.7 210.5 209 206.7 205 204.3 203 201 200 201.3 203 204.5 205.2 205.5 204.7 203.7 204.3 205.5 206.5 209.5 211.3 212.5 214.8 219.5 225 228 227.5 224.7 222.5 223.5
-9999 195.7 195 194 192.5 190.7 190 190 190.2 191.2 192.5 192 190.7 187.5 183.7 181.2 177 171.2 165.5 161 159.5 161.5 167 173.5 171 168 165.8 161 155 153 153 153 153 153 153.3 153.8 154 153.2 153.7 157 161 166 173 187.3 196 203.5 212 213.3 213.8 212.7 210.7 209.8 208.5 206 204 203 201.5 199.7 200.5 202.5 205.3 207.2 207.2 206.7 206 205.2 205.2 206.3 207.5 210.8 212.3 213.5 215.2 219.5 225.3 228.5 227.2 224.2 223.8 226.3
-9999 197.5 196.7 196 194.2 192 191 191.5 192.2 192.8 193.3 193.8 193.2 191.2 188.5 185.7 181 174.5 168.5 163.7 160.5 159.3 161.5 165 163.8 163.3 163.8 158.7 153 153 153 153 153 153 153.3 153.7 155 156.2 157.5 161.5 166.2 172 179 187.3 196 203.5 212 213.3 213.8 211.2 209.5 208.5 207.2 204.7 203.2 202.7 201.7 200.7 203.2 205.7 208.8 210.5 209.7 208.7 208.5 208.2 208 208.5 209.5 212 214.3 216.7 219.2 222.5 226.8 228.7 225.7 223.3 225.5 229
-9999 198.7 198.2 197.5 196 194.2 193.5 193.7 193.7 193.5 193.2 192.7 192.8 191.7 190.2 188 183.5 178 172.5 167.5 163 158.7 157.5 159 159.3 160.5 163 158.7 153 153 153 153 153 153.3 153.8 154.3 158 161 162 166 172.5 179.5 186.2 193.8 202.8 209.7 212.7 212.2 212 211.2 209.5 208.5 207.2 204.7 203.5 203.7 204 204 207.5 210 211.7 212.2 211 210.3 210.7 211 210.7 210.7 211.2 212.5 217.7 220.2 222.8 225.3 228.5 229.5 225.5 223.3 227 231
-9999 198 197.5 196.8 196.5 196.2 195.7 195.2 194.7 194.2 193.5 192.5 191 190.8 190 187.5 183.7 179.7 174.5 169.5 164.7 159.2 156.2 155.3 156 158 161.3 161.2 156.2 153 153 153 153.3 154 155 157 161.8 165.7 168.5 172.7 181 190 196.7 203.5 210.5 214.5 213.7 212.5 211.5 210.5 209 207.7 206.2 204.2 203.5 203.7 204 204 207.5 210 213.7 213.5 212.5 212 212 211.7 211.5 212 212.7 214.8 220.5 222.3 224 226 229 230.5 227.7 226 229.8 233.2
