floodsimulation/GISdata&mesh/rpaw_clip.asc
ncols         828
nrows         781
xllcorner     612401.63478176
yllcorner     3337826.7657257
cellsize      29.008767216556
NODATA_value  -9999
[rows 468 to 503 of 781, columns 0 to 79 of 828]
-9999 -9999 -9999 -9999 -9999 230.2 229.2 229 229.2 228.5 227.2 225.7 224.5 223.7 223 222 221.2 221 220.7 222.5 224 224.2 223.2 221.2 219.2 217.7 217.3 218 218.3 216.8 214.8 214.5 214.5 212.7 209.7 206.2 203 201.2 202.8 205.3 208 211.5 215.3 218.2 217 214.7 212 209.2 207.5 207.3 207 205.2 203 200.5 195.5 192.5 189.7 187.5 186 183.7 179.7 175.7 172.7 172 175 181 196.5 203.8 209.8 214.5 217.5 219 219.5 219.3 218.5 217.8 216.2 212.7 202.7 198.7
-9999 -9999 -9999 -9999 -9999 230.2 229.5 229.3 230 228.7 227.2 226 225 224.2 224 223.5 222.2 221 220.2 222 223.8 223.5 221.7 219.2 217.5 216 214.8 214.8 214.3 213 211.8 212.8 213 211 208.2 205.2 202.2 201.3 202.8 205.3 208 211.5 215.3 218.2 217 213.7 211 209.2 207.5 206.2 205.7 203.7 200.7 198.8 194.7 191.5 189 187.7 187 185.2 182 177.2 172.5 170.8 173.5 179 194.8 203 210 214.8 217.3 218 218 217.3 216 215.5 214.5 211.5 203.2 198.2
-9999 -9999 -9999 -9999 -9999 230.5 229.5 229.5 230.7 229.5 228 227 225.7 224.5 224.5 224.7 223.2 221.2 220.2 221.8 223 222 219.5 217 215.3 213.5 212 210.8 209.5 209.3 209.5 211.3 211 208.5 205.5 202.5 199.7 199.3 201 203.5 206.8 211 215.8 219 217 213.7 211 209.2 207.5 206.2 205.5 202.5 198.7 196.8 196.2 192 189.5 188.2 187.5 186 182.7 177.7 172.7 170.5 172.8 177.5 192.8 201 207.5 211.5 213.8 215 215.3 214 212.8 212.5 211.8 210 203.7 198.5
-9999 -9999 -9999 -9999 -9999 229.7 228.5 228.8 230.5 229.7 228.5 227.2 225.7 224.5 224.3 224.5 223.2 221.7 221.2 221.5 223 221 218.2 215.5 212.7 210.5 208.8 207 205.8 205.8 206.5 209 208.8 206.5 203 200 198 198.3 201 204 207.8 212.3 216.3 219.5 217 213.5 211.5 210.5 209 207.2 205.5 202.5 198.7 196.8 196.2 192 190.7 189.2 188 186.5 183.2 178.7 174.7 172 172.5 176.3 189.8 197.3 202.5 205.8 208 210 211 210.3 209.5 209.8 209.5 208.5 203.2 198.7
-9999 -9999 -9999 -9999 -9999 228.2 227.2 227.8 229.5 229 227.7 226.5 225.7 224.5 223.3 223 222.5 222.3 222.7 223.5 222 219.2 217 214 210 207.3 206 205.2 204.5 203.5 203 205.5 205.8 204.5 201.5 198.7 198 200 203.8 206.5 209.8 213.8 216.5 218.3 216.7 215 214.2 213.7 212 209 206 202.2 198 196 195.7 192.5 190.7 189.2 188 186.5 183.2 178.7 179.2 175.7 174 175.5 179.8 192.5 197 200.3 202.3 204 205.5 205.8 205.8 206.8 207.3 206.8 203 199.5
-9999 -9999 -9999 -9999 -9999 227.2 227.3 228 229 228.2 226.7 226 225.7 224.2 222.2 221.5 221.3 221.3 222 223 220.7 218.2 216 212.5 208 205.5 205 204.7 204 202.5 200.5 200.5 202 201.5 200 198.5 198.8 202.5 206.8 208.8 211.3 214.8 216.8 216.5 216.5 216.2 216.5 217 214.7 210.5 207 203.2 199.2 197 195.7 193.2 192.2 190.5 189.2 188.2 185.7 182.5 179.2 175.7 174 175.5 179.8 192.5 192 195.5 197.8 199.3 200.3 200.8 201.5 202.8 204 204.8 201.7 198.7
-9999 -9999 -9999 -9999 -9999 227 227.8 229 228.7 227.5 226 225.3 224.5 223 221 219.8 219 218.3 218.5 219.5 220.5 219 216.2 212.2 207.7 205.5 204.7 204.2 203.7 202.5 200.5 199.5 198.8 198.3 198 197.5 199 204.5 209.5 211.2 213 215.8 217.3 216.5 216.5 216.2 216.5 216.8 214.5 210.7 207.5 204 200.5 198.2 196.5 195 194 192 190.7 190 188.5 186.2 183.2 179 174.7 173.5 175.8 187.3 192 195.5 197.8 199.3 200.3 196.8 197.8 198 199.5 201.8 201.5 195.5
-9999 -9999 -9999 -9999 -9999 226.5 227.5 229 228 226.5 225 224 223 221.5 219.2 217.5 216.3 215.3 215.3 216 219.3 218.2 215.5 211.5 207.5 205.2 204.2 204 204.3 204.5 204 202 196.7 196.3 196.3 196.3 200 207.5 213 214.7 215.7 217.2 218 217.5 216.7 216 215.3 214.5 212.7 210 206.7 203 200 198.7 197.7 196.2 195 193 191.5 190.5 189.2 187.5 185 180.5 174.7 171.2 171.5 182.8 188.3 192 194.5 195.8 196 196.8 197.8 198 199.5 201.8 201.5 191.5
-9999 -9999 -9999 -9999 -9999 225.3 226.3 227.3 226.5 225 223.8 223 222.2 220.5 217.2 215 213.8 213 213 213.5 216 215.3 212.5 208.7 206.2 205 204.5 204.7 205.7 207.7 208.7 206.7 198 196.7 196.7 197.7 203.3 211.3 216.3 218 219 219.5 218.7 217.5 216.7 215.7 214.2 212.5 211 209.2 205.7 201.2 198.5 198 198 196.5 195 193 191.2 189.7 188.2 187.2 185.5 181.2 176 172.2 172 180.8 185.8 189.5 192 193 193 194 194.5 193.8 195 197.5 197.5 191.5
-9999 -9999 -9999 -9999 -9999 224.3 225.3 225.3 225 223.2 222.5 222 220.3 217.3 214 212.3 211.8 211.8 212 212.3 214 213 210 207 205.7 205.7 206 206.7 209 211.5 212.5 211.5 204 201.2 200.7 202.2 207.5 213.8 217.8 219.8 220.8 220.5 219.2 218 216.7 215.2 213.5 211.2 209.7 209 205.7 200.5 197 196.3 197 197.2 194.7 193 190.7 188.2 186.5 186 185 182.2 178.7 175.7 174.7 179.5 183.5 187 189.5 190.8 191.5 192.3 191.5 190.3 190.5 191.8 192.3 188.5
-9999 -9999 -9999 -9999 -9999 223.3 224 223.8 223.3 221.8 221 220 217 212.2 209.5 209.5 210.5 211.8 212.7 213 214.5 213 210 207.7 207.2 208 208.7 210.2 213 215 215.2 215 211.7 208.7 206.7 207.2 210.5 214.8 217.8 219 219.8 219.8 219 218.2 216.7 215 213.2 211.7 210.2 208.7 205.2 200.7 197.7 196.5 196.5 196.5 194 193.2 191.5 188.2 185.7 184.7 184.2 183.2 181.2 178 175.2 176.8 180 183.5 186.5 188.8 190.3 190.5 189 187.3 186.5 187 188 186.3
-9999 -9999 -9999 -9999 -9999 221 221.3 221 220.8 219.8 218.5 216.8 214 209.7 207 207.8 210.3 212.5 214 214.7 215.2 214 211.2 209.2 209 210.3 211.7 213.8 216 217.5 217.5 217.2 217 214.7 211.7 210.5 211.8 215 217.5 218 218.3 218.3 218 217.7 216.2 215.5 214.5 213.2 211.2 208.2 204.5 201.5 200 198.5 196.5 195 193 193.5 192.7 189.5 186.5 185 184.2 183.5 181.7 178.2 174.7 173.5 177.5 182 186 188 189 189 187.5 185.5 184.3 184.5 185.5 184
-9999 -9999 -9999 -9999 -9999 221 221.3 217.5 217.5 217 215.5 213.8 212.5 211.2 210 210.2 212.5 214.7 215.5 215.8 216.3 216 213.7 211.5 211 212.5 214.7 217 218.2 219 219.5 219.5 219 217 214 212 212.3 215 217.5 218.3 218.2 217.5 217.3 217.2 216.5 216.7 216.2 214.2 211.5 208.5 205.5 203.2 201.5 199.2 196.5 194.2 192.3 192.8 191.5 188.2 185.8 184.8 184 182.7 181 178.2 175.2 173.7 176.5 181.8 186.3 187.8 188.5 188.7 187.5 185.5 184 183.5 184 182.5
-9999 -9999 -9999 -9999 -9999 218.3 217.8 217.5 217.5 217 215.5 213.8 212.5 214.7 215 215 216 217.7 218 217.5 218 218.5 217 215.2 214.7 216 218.2 220 220 219.8 220.8 221.7 221.5 218.2 215.5 213.5 213.5 215.5 217.5 218.5 218.7 218 217.5 217.7 218.5 218.5 217.7 215.2 212.2 210 208 206 203 200 197.7 195.7 192.2 191.3 189 185.5 183.8 183.3 182.8 182 181.2 180 177.7 175.5 174.5 178.3 183.3 186.5 188 188.5 187.7 186 184.2 183.5 183.5 183
-9999 -9999 -9999 -9999 -9999 216.5 215.5 215.5 215.3 214.8 214 213.2 213.7 214.7 215 215 216 217.7 221.5 221.5 221.7 220 219 218.7 218.5 219.2 220.8 221.5 220.7 220 220.8 222.3 222.5 219.2 217.5 216 215.5 216.3 217.8 218.8 219 218.5 218 218.8 220.7 220 219 216.7 214 212.2 211 209 205.2 201.7 199.5 197.2 192.5 190.5 188.2 184.7 182.7 182.2 182 182.3 182.5 182 180 176.5 172 174.5 179.8 184 186 186.5 186 184.8 183.7 183.8 183.5 182.5
-9999 -9999 -9999 -9999 -9999 215.7 214.7 214.8 214.7 215 214.7 215 216.7 218.7 219.2 219 219.5 220.7 221.5 221.5 221.7 220 219 218.7 220.5 220.8 221.5 222 221.2 220.2 220.3 221.3 221.8 219.5 218.5 218 217.5 217.2 218.3 219 218.7 218 217.5 218.3 220.3 220.5 219.5 217.7 215.7 214.7 214.2 212.2 207.7 203.5 200.7 198 193.2 191.2 189.2 186.2 183.7 182.7 182.2 182 182 181.5 179.5 176 171.3 173.8 178.5 182 183.5 184 183.8 183.5 184 184.2 183.2 182.2
-9999 -9999 -9999 -9999 -9999 216.5 216 216 216 216.7 216.7 217.7 219.8 222.3 223.2 223.2 223.2 223.5 224.5 225.2 225.2 221.5 220.7 220.7 220.5 220.8 221.5 222 221.2 220.2 220.2 220.5 221.5 220.2 219 219.3 219.5 218.7 218.8 219 218.5 217.5 217 217.3 218.5 219.8 219 218 217.2 217 217 215 210 205.5 202.5 200 197 195 193.2 190.5 187.2 184.7 182.2 180.8 180.3 179.5 178 175.5 172 174.5 178.5 181.3 183.3 184.2 184 183.7 183.5 183 182 181.8
-9999 -9999 -9999 -9999 -9999 219.5 219.5 218.5 217.7 219 220.7 221.7 222.5 223.8 225 225.8 225.2 224.5 225 225.8 225.8 223.2 223 222.5 221.7 221.2 221.3 221.8 221.7 221 220.2 220.5 221.5 220.2 219 219.3 221.2 220.2 219.5 219.2 218.5 217.5 217 217.3 218 219.5 219 218.2 217.7 218 218.7 217 212.2 207.7 204.7 203.5 203.5 201 199.2 196.5 192.2 187.2 182.7 180.5 179.5 178.5 177.2 175.2 172 174.5 178.3 181.5 185 187 186.5 184.7 182.5 181 180.8 181.8
-9999 -9999 -9999 -9999 -9999 222.7 223 221.2 220.2 222 224.7 224.7 224.5 224.5 225 225.5 225.2 224.7 224.8 224.5 224.3 224.5 224.5 224 223 222 221.2 221.3 221.5 221 220.2 220.8 222.8 222.2 221 221 221.2 220.2 219.5 219.2 218.5 217.5 216.7 217 218.5 220.5 219.7 218.5 217.7 218 218.8 217.7 214 209.7 207.5 207.7 208.5 205.7 204.5 202.7 198 190.5 184.5 181.7 180.2 178.7 177 175 171.3 173.5 177.8 181.8 185.5 188 188 186.2 183.5 181.2 181 182.3
-9999 -9999 -9999 -9999 -9999 224.7 225 223.7 223 224.3 225.5 225.5 225.5 225.2 225 225.3 225.5 225.5 225.2 224.2 223.5 224 224.5 223.8 223.2 222.2 220.5 219.3 219.5 219.8 219.8 221 223.3 224 223.5 223 222.7 221.7 220.7 219.7 218.5 217.5 216.7 217 218.5 220.5 219.7 218.5 218.2 217.7 217.5 217 214.7 212.2 211.7 212.7 213.2 209.5 208.5 206.5 201.2 193.2 186.7 183.7 181.7 179.2 177 175.2 173.2 173.5 178 181.8 184.3 186 186.8 186.2 184.2 182.5 182 182.3
-9999 -9999 -9999 -9999 -9999 226 226 225 224.2 224.5 225 225.5 226 225.5 225 225.5 226.3 226.5 225.7 224.2 223.2 223.5 223.7 223.3 223.5 222.7 220.7 219 219 219.5 219.8 220.5 221.8 222.8 224 224 223.5 222.5 221.2 219.7 218.2 217 216 216 217.8 220 219.5 218.7 218.2 217.7 217.5 217 214.7 212.2 216.5 217.2 216.7 212 209.2 205.2 199.7 193.2 188 185 182.2 178.7 176 174.8 173.7 174 178 182 183.8 184 184.5 184.8 183.7 182.7 182 181.5
-9999 -9999 -9999 -9999 -9999 226.5 227 226.2 225.2 225.2 225.5 226 226.5 226 225.2 225.5 226.5 226.7 225.5 223.7 223 223.5 224.2 224.5 225 224.7 223.5 221.7 220.7 220.5 220.2 219.7 219.8 220.5 222.8 223 222.8 222 220.5 219 218 217 215.7 215.3 216.3 218.3 218.8 219 218.5 217.2 216.5 216.5 216 215.7 216.5 217.2 216.7 212 209.2 205.2 198 192.5 188.2 184.7 181.2 177.7 175.2 174.2 173.5 173.3 176.8 181.5 183.8 183.5 183.3 183.5 183.2 182.5 181.2 180.3
-9999 -9999 -9999 -9999 -9999 226.3 227 227 226.5 226.2 226 226.5 227.3 227.2 226.2 225.8 226.5 226.7 225.5 224.2 224 224.5 225.7 226.5 226.7 226.2 224.7 222.7 221.5 220.7 220.2 219.5 219 219.5 221.3 221.3 221.5 221 219.7 218.5 218 217.5 216.2 215.2 215.3 216.3 218.3 218.5 218.2 217.2 216.5 217 217.5 217.8 218.5 219 218.2 212.5 208.2 203.5 198 192.5 188.2 184.7 181.2 177.7 175.7 174.5 173 172 175.8 180.3 182.5 182.5 182 182.3 182.8 182.5 180.7 179
-9999 -9999 -9999 -9999 -9999 226 226.3 226.5 226.3 225.8 225 225.5 226.5 227.3 226.7 226.3 226.8 227 226.2 225.7 226 226.5 227 227.5 227.5 226 223.7 222 221 220 219.8 220 219.7 220 220.2 220.3 220.5 220 219 218.2 218 217.5 216.5 215.7 215.5 216 217.5 217.8 218.5 219 219 218.7 218.2 217.7 217.8 218.3 218.2 212.5 208 203.7 198.7 193.7 189.5 185 180.7 177.7 175.7 174.5 173 172 175.8 180.3 180.3 180.5 180.5 181 182 182 180.2 178
-9999 -9999 -9999 -9999 -9999 225.8 225.7 225.8 225.5 224.7 224 223.8 224.5 225.5 225.8 226 226.5 226.3 226 226.5 227 227.5 227.5 227.3 227 225.2 223 221.5 220.5 219.7 220 220.8 220.7 220.8 220.2 220 219.7 219 218 217.8 218 217.5 216.5 215.7 215.8 216.3 217 217.8 220 222.2 222.5 221 219.5 218.2 217.2 217.3 217.3 215.5 207.5 203.7 199.7 195.5 191.2 186.2 181.7 178.7 176.5 174.7 172.5 171.5 175.3 178.8 180.3 180.5 180.5 181 182 180.8 179.5 176.5
-9999 -9999 -9999 -9999 -9999 225.5 225.7 225.8 225.5 224.5 223.7 223 223.3 223.8 224 224.5 225 224.8 225 226 226.3 226.3 226.8 226.3 225.5 224.5 223.2 222 220.5 219.5 220 220.8 221 221 220.7 220.5 220 218.7 217.5 217.3 217.5 217.2 216.5 215.5 215.8 217.3 217.7 218.3 220.8 223.5 224 222.2 221 220 218.2 217.2 216.2 214.2 206.7 203.2 200.5 197.5 194 188.5 182.5 178.7 176.5 174.7 172.7 172.3 175.3 177.8 178.5 179.3 180 180.3 180.8 180.8 179.5 176.5
-9999 -9999 -9999 -9999 -9999 225 225.8 225.7 225.2 224.7 224.5 223.2 222.7 222.5 222.5 222.8 223 223 223.5 224.5 224.5 223.8 224 224.5 224.2 223.7 223.5 222.7 220.7 219 219 220 220 219.8 220.8 221 220.5 219.2 218 217.2 217 217 216.7 216.2 216.8 218.3 219 218.5 219.8 222 222.8 221.7 221.3 220.5 218.5 216.5 214.5 212.3 205.7 203.5 202.2 201.2 198.2 191.7 184 179 176.2 174.2 172.7 172.3 175.5 177 177.5 178.5 179.3 179 179 178.8 177.3 173.7
-9999 -9999 -9999 -9999 -9999 223.8 224.8 225.2 225 225 224.7 222.7 221.5 221 220.8 220.8 221 220.8 221 222.3 222.5 221.8 221.5 223 223.5 223.2 223.3 223.2 222.2 220.5 219.5 219.5 218.7 218 219 219.5 219 218 217.5 217.2 216.7 216.8 217.5 218.2 218.7 219.5 219.5 218.5 218.8 220.3 220 218.5 217.8 217.5 216.5 213.7 210.5 207.8 204.3 204.5 205 204.7 201.2 194 186.2 180.7 176.7 174 172.5 172.5 176 176.8 177 177.8 178 177.3 176.8 176 174 170.5
-9999 -9999 -9999 -9999 -9999 223 223.5 225 225.5 225.2 224.2 221.5 220.5 219.7 219.5 220 220.2 219.5 219.3 220.3 221 221 220.7 222 222.8 223 223 223.5 223.7 223 222 221 219.5 217.7 216.7 215.5 215 214.5 215.3 216 216 216.3 217.5 219 219.8 220.3 219 217.7 217.3 217.5 216 213.5 212.8 213.5 213.5 211.2 208 206 205.7 207 208 206.7 202.2 195 188.2 182.7 177.7 174 172 172 176 176.8 177.3 177.8 177.7 176.7 175.2 173.5 170.5 167.8
-9999 -9999 -9999 -9999 -9999 223.2 222.8 224.5 225.8 225.2 223.2 221.5 221.2 220.5 220.5 221.2 221.2 220.5 219.5 219.5 220 220 220.3 221 222 222.5 222.5 223 223.8 224.3 224 222.7 220.5 218 216.2 212 211.3 211.8 213.3 214.3 214.8 215 216 217.8 218.8 218.8 217.5 216 214.8 214 212.7 211.5 211.8 212.5 212.2 211.2 210 209.5 210.5 211 210.7 208 202.5 195.2 189 183.5 178.5 174.5 171.7 171 174.8 176 177 177.3 176.8 175.5 173.3 170.5 168 168.2
-9999 -9999 -9999 -9999 -9999 223.2 222.8 224.5 225.8 225.2 223.2 221.5 222.7 222.5 222.2 222.5 222.5 222 221 220 219 218.3 218.3 219.5 220.5 221 221 221.8 223.3 224 223.5 222 219.7 217.5 215.2 210.7 210 211 212.5 213 213 212.8 213.8 216.3 217.5 217.2 216.7 215 214.2 213.5 213 213.2 213.5 213.2 212.5 212 212.3 212.5 213.5 213 211.2 207.7 201.5 194 187.7 182.2 178 175.2 172.7 170.5 172.8 174.8 175.5 175 173.8 172.3 170.7 169 169.5 174.2
-9999 -9999 -9999 -9999 -9999 223.5 223 223.8 224.3 223.5 221.2 220.3 222.7 222.5 222.2 222.5 222.5 223.2 222.5 220.7 218.5 216.5 215.5 217.5 218.3 218.5 218.8 219.8 221.3 221.5 220.8 218.8 216.3 214.8 212.8 210.5 210.7 211.8 212.8 212.2 211.3 210.8 211.8 214.5 216.3 216.5 215.7 215.3 215.5 215.2 215 215.2 214.7 213.7 212.7 212 212.3 212.8 214 212.7 210.2 206.2 199.2 192.2 186.7 181.7 178.5 177 174.5 171 170.8 173.3 173.5 172.5 171.2 170.2 171 173.2 177.5 184.2
-9999 -9999 -9999 -9999 -9999 223.2 223 222.3 221.3 220.5 219 218.8 224 224 223.2 223.3 223.5 223.2 222.5 220.7 218.5 216.5 215.5 216.3 216.3 216 216 216.3 216.8 217.3 217.3 214.7 212 211.5 211 211.7 213 213.7 213.7 212.5 211 210.2 210.5 212.3 214.3 215.3 214.7 215 215.8 216 216 216 215.2 214.7 214 212.5 212.3 213 214.3 213.2 210.7 206.2 199.2 193 188 183.2 180.2 179.7 179.2 177 173.7 173.7 173 172.5 172.5 173.7 178.2 184.7 190.7 195.2
-9999 -9999 -9999 -9999 -9999 223.2 222.5 221 219.2 218.8 218.5 219.5 224.5 224.2 223.5 224 224.7 224.7 223.2 221 218.7 216.2 215 215.5 216.3 216 216 216.3 216.8 214.3 214.8 213 211.5 212.2 213 214.7 215.7 215.7 214.5 212.7 211.7 210.2 208.5 209 211.3 213.3 213.8 213.5 214 214.8 215.3 215.8 215.7 216 215.2 213.2 213 214.3 215.8 214.5 212.5 209.5 204.2 197.7 191.5 185.2 180.7 181.3 185.8 189.7 186.7 182.2 180.7 182 185 188.7 193 197.7 201.2 202.5
-9999 -9999 -9999 -9999 -9999 224.5 223.7 222.2 220 219.2 219.7 221.3 224 223.7 224 225 226.3 226.7 225 222.7 221 219.2 218.2 217.7 215.5 214.7 214.2 213.7 213.5 214.3 214.8 213 211.5 212.2 216.5 218.2 218.2 217 214.2 212 210.8 208 205 205.3 208.3 211 211.8 210.5 210.3 211.3 213 214.8 216 216.5 215.5 213.7 213.3 214.5 215.8 214.2 213.2 212.2 208.7 202.2 195.2 188.2 182.2 181.8 188 197.3 202.2 196.5 194.2 196.5 202 205.7 206.2 206.2 206.5 206
-9999 -9999 -9999 -9999 -9999 225.5 224.2 222.5 220.7 220 220.5 222 223.7 224.3 225.2 226 227.3 228 227.2 225.7 224.2 223 222 220.2 216 215.5 215.5 215 214.2 214 214 213.7 214.5 216 216.5 217.2 218.2 217 214.2 212 207.7 204.5 202.5 203 205.8 208 208 206 205.8 207.3 210 212.8 214.5 214.5 213.8 212.5 211.8 213 214.3 212.7 211.8 211.3 208.7 203.5 198 192.5 186.7 183.5 185.5 192.3 199.3 205.5 203.7 205 209.5 212.3 212 210.2 209 208
