floodsimulation/GISdata&mesh/rpaw_clip.asc
ncols         828
nrows         781
xllcorner     612401.63478176
yllcorner     3337826.7657257
cellsize      29.008767216556
NODATA_value  -9999
[rows 108 to 143 of 781, columns 720 to 799 of 828]
194.5 194.2 194.3 194 193 192.5 192.5 191.2 190 189 189 191 193.3 193.7 193.7 195.3 197 197.5 195.7 195.5 196.5 197.5 197.5 197.2 196.5 196 196.2 196.5 197 199.3 200.5 200.7 200.5 200 199.8 199.7 199.7 200 199.5 198.5 197.2 194.5 194 194 193.5 191.5 189 187.2 185.7 183.7 180.7 178.2 176 175.7 175.3 175.5 177 179 181 182 182.5 183.8 184.7 185 185 184 182.7 182.2 183.2 184.3 185 186.3 188.3 190 190.2 189.2 187 186.7 185.7 184
195 194.2 194 193.5 193 193.3 194 192.5 191 190 190 191.8 193.5 194.3 195 196.3 197.5 198 198 197.7 198.2 199 199 199 198.7 198.2 197.7 197.7 198.2 199.5 200 200.2 200 199.7 199.8 200.3 201.3 202.5 202.5 200.7 198.2 195.5 194.5 193.7 193 190.7 187.7 185.5 183.5 182 180.2 178.5 177.7 175.7 175 175.5 177.3 179.5 181 181.8 182.5 184 185.8 186.7 186.2 186 185.5 185 185.2 185 184.8 186.3 189.3 191.8 192.7 192 188.7 188 186.2 184
195 194.2 194 193.7 193.2 193.3 194 192.7 191.7 191 190.8 191.8 193.3 194.8 195.8 196.3 197 197.8 199.7 200 200.5 201 201 200.7 200.2 199.7 199 198.8 199 199.7 199.8 200.3 200.5 200.5 200.5 201 202.5 204.5 205 203 200.5 197 195 193.5 192.2 189.2 185.5 183.2 181.7 180.7 179.7 178.5 178.3 176.7 176.5 177.5 178.5 179.8 181 182 183 184.5 186.5 188 187.2 187 186.7 186.2 185.7 185.2 185 186.3 189.3 191.8 192.3 191 189.2 188.2 186.2 183.7
196 195 194.2 193.7 193.2 193.3 194 192.7 192.5 192.2 192 192.5 193.8 195.3 195.7 195.3 195.3 196.3 199.8 201 202 202.5 202.5 201.7 200.5 200 199.5 199 199 199.5 200.7 201.2 201.2 201 201.3 201.8 203 205 206.3 205.2 203 197.2 194.2 192.3 190.3 187.2 184 182 181 180.2 179.5 178.7 178.8 178.2 178.7 179.7 180.5 181.2 182.2 183.2 184 185.5 187.5 188.8 187.7 187.2 187 186.5 185.5 185 185.3 186.5 188.8 190.3 189.3 187 187 186.3 184.8 182.7
196.5 195.5 194.7 194.5 194 193.5 193.8 192.7 192.5 192.2 192 192.5 193.8 196 195.5 194.5 194.3 195.3 198.3 200 201.8 202.8 203 202.2 201 200.5 200 199.5 199.5 199.5 201.5 202 201.2 200.5 201 202 203 204.3 205.3 204.8 203 196.5 192.7 190 187.7 185.5 183.5 182 181.2 180.7 180 179.5 179.5 179.7 181 182.5 183.5 184 184.2 184.5 185 186.5 188.5 189.5 189 188.5 188.2 187.5 186.5 186 186.2 187.3 188.5 188.2 186.2 184 183.5 183.3 182.5 181.2
196.5 195.5 195 195 194.7 194.5 194.2 193 193.3 193.5 193.5 194.3 195.5 196 195.5 194.5 194.3 195.3 196.8 198.3 200.5 202 202.5 202.2 201.5 201 200.7 200.2 200 199.7 201 201.5 201 200.2 200.5 201.8 202.5 202.8 202.5 201.5 200.3 198.5 192 188.7 186.5 184.7 183.7 183.2 183 182.5 181.5 181 180.5 180.8 182.5 184.5 186 186.2 186 186 186.5 187.8 189.5 190.7 190.5 190.7 190.2 188.7 187.5 186.7 186.5 186.8 187.3 186.2 184 182.2 181 181 180.5 179.8
196.5 195.5 195 195.3 195.5 195.2 194.5 193.2 193.3 193.5 194 195.3 196.3 196 195.2 194.7 194.8 195.5 196.8 198.3 200.5 202 202.5 201.5 201.2 200.7 200.3 199.8 199.8 200 200.5 201.3 201.5 201.2 201 201 201 200.8 199.5 198.3 197.5 196.8 192.2 188.5 185.7 184.7 184.2 183.7 183.5 183.2 183 182.7 181.5 181 183.3 185.5 187 187.5 187.5 187.7 188.2 189 190.5 192 192.2 192.2 191 189 187.2 186.2 185.5 184.8 184.3 183.3 182 180.7 179.8 179.5 179.2 178.7
195.8 195 194.5 194.5 194.8 194.5 194 193.2 193 193.3 194.5 195.8 195.7 194.7 194 194.3 194.8 195.3 195.5 197.5 199.8 201 201.5 201.5 201.2 200.7 200.3 199.8 199 199.8 200.8 201.5 202.3 202.2 201.5 200.2 199 198.3 197.2 196.5 196 194.8 191 187.5 185 184.8 184.5 183.2 182.5 182.8 183.5 183.7 182.5 181.5 183.8 185.5 186 186.8 188 188.8 189 189.8 191.5 192.8 193.3 192.7 190.7 188.5 187 186.2 185.2 184 182.7 181.5 180.7 180 179.2 179.7 179.7 179
194 194 193.7 193 192.8 192.8 193 193 193.5 194.7 196.2 196.7 195.5 193.2 192 192.5 193.8 194.5 194.5 197.8 199.8 200.5 200.5 200.5 200.5 200 199 198.5 199 199.8 200.8 201.5 202.3 202.5 201.2 199.7 198.5 197.7 197 196 194.5 192.2 188 186 184.7 184.8 184.7 184 183.2 183 183.5 184 183.2 182.2 184.3 184.7 184.3 185.5 187.8 188.8 189.5 191 192.8 193.7 194.2 193.5 191 188.5 187.2 186.2 185.2 184.5 183.2 182 181 180.5 180.2 181 181 180
192 192.3 192.3 191.8 191.5 191.8 192.3 193 194.3 196 197.5 197.2 195 192.2 190.7 191 192.3 193.5 194.3 198.8 200.5 200.7 200.2 200 199.7 199 198 197.5 197.8 198.5 199.5 201.5 202.5 202.5 201.2 199.7 198.5 197.7 197.5 195.2 192.7 190.5 185.7 184.8 184.8 185.3 185.5 185.7 185.5 184.5 184 184 183.7 183.7 185.2 184.7 184 185.5 187.8 188.8 190.3 192.5 194 195 195.5 194 191.5 189.2 187.7 186.2 185.2 184.5 183.5 182.5 181.5 181 181.3 181.3 181.2 180.5
190 190 189.8 189.8 190.3 190.8 190.8 191.8 193.3 194.8 196 195.8 193.7 192 191.2 191 191.5 192.8 194.3 199 200.5 200.5 200.2 199.7 199 198 197.2 197 196.7 197 198 200.5 201.5 201.8 200.7 199.7 199.5 199 197.5 195.2 192.7 190.5 185.7 183.7 184 185.3 186.3 186.8 186.7 186 185 184.5 184.7 185.5 186.5 185.7 185.5 187 188.8 189.5 191 193.3 194.3 194.8 195 194.5 191.2 189.5 188.2 187 186.2 185.5 184.2 183 182 181.5 181.8 181 181 180.5
188.5 188.5 188.2 188.3 188.8 189 188.8 188.5 190.8 192 193 193.3 192.5 192 192.3 192 191.8 192.3 193.3 197.5 198.8 199 199 198.8 198.2 197.7 197.2 196.7 196.2 196.3 197 199.5 200.3 200.5 200.2 199.7 199.5 198.7 196.7 194.2 191.7 189.5 184.7 183.7 184 185.3 186.3 186.8 187.7 187.2 186.5 186.2 187 187.7 187.7 187.2 187.7 189.2 190 190.3 191.5 193 193.5 193.5 193.3 192.8 190.7 189.7 189.2 188.7 188.2 187.5 186.5 185.5 184 183 183 181.7 181.2 180.5
187.8 188 188 187.7 187.5 187.8 188 187.7 189.5 190.3 190.8 191 191 191.3 192 192 191.3 191.3 192 195 196 196.8 197.3 197.8 198 198 197.5 196.5 196 196 196.5 199.3 199.3 199 199 198.8 198.3 197.2 195.7 194 191.7 189 186.2 184 184.2 185.5 187 187.7 187.7 187.2 186.5 186.2 187 191 189.2 189.2 190.2 191.2 191 190.8 191.5 192.5 192.7 192.5 192 191.5 190.5 190.5 191 191.5 191.2 190.7 190.2 189.5 187.5 185.5 185.2 183.5 182.5 181.2
187.3 187.5 187.5 187.2 187 187.5 187.7 187.5 188.8 189.3 189.3 189 189 189.5 190.5 190.8 190 190 191 192 193.8 194.5 195.5 196.8 197.5 197.5 197 196.2 196 196 196.3 198 197.5 197 197.5 198 197.5 196.2 195 193.7 191.7 188.7 186.2 185.2 185.7 186.8 188.3 189.2 189.2 188.7 188.5 189.5 191 191 189.2 189.2 190.2 191.2 192 191.5 191.8 192.3 192.2 192 191.7 191.5 191.5 192.2 193.2 194.2 194.7 195.2 195 193.5 191.5 189.2 188 187.2 184.5 182.7
186.5 186.3 185.8 186 186.8 187.3 187.2 186.7 187.3 187.5 187.3 187.3 187.5 187.8 188.8 189.8 189.7 189.8 190.5 191.8 193 193.3 194 195.3 196.3 196.5 196.2 196 196.3 196.5 196.2 196 196 196.5 197.5 198 197.2 195.2 193.5 192.8 191.5 189.2 187.7 187 187 187.5 188.8 189.8 190.3 190.7 191.7 193.5 194.7 193.7 191.5 191.3 192.5 192.7 192 191.5 191.8 192.3 192.2 192 192.3 192.5 193.7 195 196 197 198 198.7 198.5 196.5 194 191.7 190 188.7 185.7 183.5
185.3 184.5 183.8 184.5 186.3 187 187.3 187.2 186.5 186 185.5 186 186.5 186.5 187.5 189.3 190.3 190.2 190.5 192 192.5 192.5 192.8 193.8 195 195.5 195.5 195.8 196.5 196.7 195.7 194.8 195.8 197.3 198 197.7 196.2 193.7 192 191.8 191.7 191 190.2 188.7 188.2 188.2 189 190 191.3 192.8 194.8 196.2 196.2 194.7 192.7 192.8 194 194.2 193.5 192.7 192.5 192.2 192 192 192.3 192.5 193.7 195 198.7 200.2 201.2 201.2 200 197.5 194.2 191.5 189.7 188.5 186 183.7
184.5 184 183.2 183.8 185.3 186.3 187.5 188.7 186 184.5 184.3 185 185.5 185.8 186.8 188.5 189.8 190 190.5 191.5 191.5 191.8 192 192.8 194 194.5 194.3 194.5 195.5 195.5 194.5 193.7 195.5 197 197.8 197.7 196.2 194 192.2 191.8 192.3 192.2 191.5 189.5 189.5 190 190.2 190.8 192 193.8 195.5 197 196.7 195.5 194.5 194.2 195 195.5 195.2 194.5 194 193.7 193.2 193 193 193.5 196 197.5 198.7 200.2 201.2 201.2 200 197 193.5 190.5 188.5 187.5 186 184.7
184.8 184.5 183.5 182.8 182.5 183.5 186.5 189.3 189 183.5 183.8 184.3 184.8 185.5 186.5 188 189.3 190 190.8 190.7 190.8 191.5 192 192.3 193 193.8 193.5 193.5 194.3 194.2 194 193.7 195 196.3 198 199 198.5 196.7 194.2 192.7 192.5 191.7 190.5 190 190.8 191.7 191.7 191.7 192.8 194.3 195.8 197.3 197.5 196.7 196.2 196.5 196.5 196.5 196.7 196.5 196 196 195.7 195 194.2 194.8 196.5 199.7 201.5 203.2 204.2 203.5 200.5 197 193.5 190.5 188.5 187.5 186.3 186
185.5 185 183.7 182 180.5 181.3 184.5 187.8 189 185.5 185 183.7 184.3 185 185.8 187.5 189.5 190.8 190.7 189.7 190 191 191.5 191.8 192.5 193.5 193.7 194 194.5 194.5 194.5 194.5 195.3 196.5 198.8 200 200 198.7 196.2 194 192.2 190.5 189.2 189.8 192.3 193.2 193.5 193.5 194 195 196.5 198.3 199 198.7 198.5 199.5 199 198.5 198.7 198.7 198.2 197.7 197.5 196.7 196 196.7 198.5 202 204 205.5 206 204.5 200.5 196.2 192.5 189.5 187.7 186.7 186.3 186
185.5 185 184.2 182.5 181.5 182.5 184.5 186.8 188.5 187.2 185.2 183 182.8 183 183.8 185.8 188.5 190.5 190 188 188.8 190 190.8 191.3 192 192.8 193.3 194 194.5 194.5 194.8 195 195.8 197 198.8 199.5 199.3 198.2 196.7 194.5 191.7 189.5 188.8 190 193.3 194.5 195.5 195.5 195.5 196.5 197.8 199.5 200.5 200.5 200.5 201.7 201.7 201.2 201 200.7 199.7 198.7 198.2 197.7 197.7 199 200.5 203.3 205 206.5 206.2 204.2 200.5 196 191.7 188.5 187 186.2 186.3 187.2
186 185.5 184.2 182.5 181.5 182.5 184.5 186.5 187.5 186.2 184.2 182.5 181.7 181.5 181.8 183.3 186.3 189 188.7 187 187 190 190.5 190.5 190.8 191 191.5 192.5 193 193 193.5 194.3 196 197.3 198.5 199 198.2 197 196.2 194.7 192 189.5 189 190.5 193.8 195.5 197 197 196.8 197.8 199 200.5 201.5 201.2 201 202.3 202.5 202.5 202.2 201.5 200 198.7 198 197.8 199 200.8 201.8 203.5 204.8 205.8 205 203.2 200.2 195.7 191.2 188.5 187.5 187 187.2 188.5
185 184.8 184 183 183 184 185.3 186.5 187.5 186.2 184.2 182.5 182.2 181.5 181 182 184.8 187 187.3 187.3 188.3 191.5 191.5 190.7 190.5 190.5 190.5 191 191.5 191.3 191.5 192.8 196.3 197.5 198.5 198.7 197.5 196 195.5 194.7 192.5 190.5 190.5 191.5 193.8 195.5 197 197.2 197 198 199.8 201.3 202.3 202 201.2 201 201.3 201.8 201.8 200.7 199.2 198 197 197 198.8 200.5 201.3 202.5 203.5 203.8 202.8 201.3 198.5 194.5 191 189.7 190 189.5 189 189.7
183.8 184 183.2 182.5 183 183.5 184.3 185.5 186.5 186.2 184.7 183 182.2 181.5 181 182 184.8 185.5 186.5 187.8 189.3 192.8 193 192 191.5 191.2 190.5 190.3 190.5 190.2 190.3 191.5 193.8 196.8 197.5 197.8 196.5 195 194.5 193.5 191.5 190.8 191.5 192 193 194.5 196.3 197.3 197.5 198.3 199.8 201.3 202.5 202.7 201.7 200.5 199.8 200.3 200.3 199 197.5 196.8 196 195.8 196.5 197.5 198.5 200 200.8 200.8 199.8 198.3 196 193.5 192 191.7 192.5 192.2 191.5 192
184 184.5 183.7 183 183.2 183.2 183.5 185 186.5 187.3 185.7 183.5 182 181.2 181.3 182.3 184 185.5 186.5 187.8 189.3 192.8 193 191.7 191 190.3 189.3 189 189.3 189.8 190.3 191 192.3 194.8 195.3 195.5 195 193.7 192.8 191.5 190 190 191 191.8 192.5 194 196.3 198 198.5 198.8 199.5 201 202.5 203 202.2 201 198.7 198.8 198.5 197.2 196 195.5 195 194.5 194.5 194.8 195.5 196.3 197.3 197.5 197 196 195.2 195 195.5 195.7 195 194.5 194.5 194.7
185 185.5 185.2 185 184.7 184.2 184.2 185.3 186.5 187.5 186.5 183.7 182 181.2 181.3 182 183 184.5 186 187.5 189.3 192.8 193 191.7 191 190.3 189.3 188.3 188.8 189.5 190.5 191 191.5 193.3 193.3 193 193 192 190.5 189.5 188.8 189.3 190.5 191.5 192.8 194.8 197.5 199.5 199.7 199.5 199.8 201 202.5 203 202.7 201.7 199 198.2 197.2 196 195 194.5 194.2 193.5 193.3 193.8 194.3 194.5 194.5 195.3 195.5 195.5 196 197.5 199.7 200.2 198 196.7 197 195.7
186 186.2 186 186 185.5 185 185.3 185.8 186.3 186.8 186.2 184.5 183.5 182.5 181.7 181.8 182.5 183.8 185.3 186.8 188.5 192 191.7 190.2 189.5 188.7 188 188.3 188.8 189.5 190.5 191 192.5 192.7 192 191.3 191 190.2 188.7 187.5 187.3 188.5 190.3 191.5 192 195.5 198.5 200.8 201.2 201 200.7 201.3 202.5 203 202.7 201.7 199 198 196.7 195.2 194.2 194 193.7 192.7 192.5 193.3 193.8 194 193.5 194.5 194.7 195 196.3 198.8 201.8 202.2 200.2 199 198.5 194.7
186.3 186.2 186 186 185.5 185.3 185.8 185.7 185 184.5 184.3 184.3 184.5 184 182.7 181.7 182.3 183.5 184.8 186.3 187.8 189.3 190.7 189.7 189.2 188.7 188.5 188.8 189 189.5 190.5 191.5 192.5 192.7 192 191.3 191 189.7 187.5 185.8 186 187.8 189.8 191 191.8 195.5 198.5 201.3 202.7 202.7 202 202 202.8 203 202.5 201.2 198.2 197 196 194.7 193.7 193.3 192.3 191 191 191.8 192.8 193.8 194 195 195 194.8 196 198.8 201.5 202 200.7 199.7 198.7 196.2
185 185.3 185.5 185.8 185.5 185.3 185.5 185 183.5 182.5 182.5 183 184.3 184.7 183.5 181.7 181.8 183 184.3 186 187.5 188.5 189.8 189.5 189.2 189 189 188.7 188.5 189 190 191.8 193.5 192.2 191 190.5 190.5 189.7 187.5 185.8 186 187.8 188.5 190.3 191.8 196.3 198.8 201.5 203.5 203.7 203.2 203 203 202.7 202 200.5 199 195.5 194.5 193.5 192.5 191.3 190 189 188.8 189.8 191.8 193.3 194 195 195 194.8 196 198.5 200.5 200.8 200 199.2 198 195
184 184.5 185 185.3 185.2 184.7 184.5 184.2 183.2 182.5 182.5 183 184 184.8 184 182 181.3 182.3 184.3 186.5 188 188.8 188.7 188.5 188.8 189.3 189.5 189 188.2 188.5 189.8 191.5 193.3 193.7 191 191 191.5 190.2 186.7 184.5 184.8 186.3 188.5 190.3 191.8 196.3 198.8 201.5 203 203.8 204 203.7 203.2 202.2 200.7 199 197.5 193.7 192.8 192 191 189.5 188.5 188.5 188.7 190 192 193 193 194 194.5 194.8 196 198.3 199.8 199.7 199 198.3 196.2 192.5
184 184.3 184.5 184.8 184.7 184.2 184 184.3 184.2 184 183.2 183.5 184 184.3 183.7 182.2 181.7 183 185.3 187.5 189 189.5 189 188.2 188.5 189.5 190.3 190 189.5 189.7 190.8 192 193.3 194 191.7 191.8 191.7 189.7 185.7 183.5 183.8 185.3 188 190.8 193.3 198 199.5 201.5 203 203.8 204 203.7 203 201.5 199.5 197.2 195.5 192.5 191.5 191.2 190.5 189 187.7 188.3 189.8 191.3 192.3 192.3 192 193.5 194.5 195.3 196.3 197.8 199 199.2 198.7 197.5 194.5 190.5
183.7 183.5 183.8 184.3 184.2 183.7 184 185 185.5 185.2 184.2 183.3 183.5 183.5 183.2 183 183.5 185 187 189 190.2 190.5 189.5 188.7 188.8 189.5 190.3 190.5 191 191.5 192 193 193.8 193.7 192 191.7 190.5 188 184.7 183 183.5 185.5 189 192.5 195.8 199.7 200.8 202 203 203.8 203.7 203.5 203 201.5 199.5 197.2 195.5 191.5 190.5 190.3 189.5 188.5 187.7 188.3 189.8 191 191.3 190.5 190.5 193 194 195 196.3 197.3 197.8 198 198 196.5 193 189.5
183.5 183 183.3 183.8 183.7 183.5 184 185 185.3 184.5 183.2 182.3 182.5 182.8 183 183.5 184.8 186.8 188.8 190.3 191 190.7 189.2 189 189 189.3 189.8 190.5 191.5 192 192.5 193.5 193.7 193 191 190.5 188.7 186.5 184.2 183 183.8 185.8 189.8 194 197.3 199.5 201.8 202.5 203.3 203.5 202.7 201.8 201 199.8 198.2 196.2 194.2 191.5 190.5 190.3 189.5 188.5 187.8 188.8 189.8 190.3 189.7 188.5 188.5 191.8 193 194 195 195.5 195.3 194.8 194.3 192.8 190 187.8
183.5 183 183 183.3 183.2 183.3 183.5 183.5 183 182.3 181.8 181.3 181.8 182.5 183 183.3 184.5 186.8 189 190.3 190.5 190 189 188.5 188.5 188.3 188.5 189.8 191 191.3 191.3 192 192.3 191.5 189 188.3 187.5 186 184.2 183.5 184.3 186 189.5 193.8 196.8 198.8 201.8 202 202 201.8 200.5 198.5 197.3 196.5 196 195.5 194 190.5 189 188 187.3 187.3 187.8 188.8 189.8 190.3 189.7 187.2 187 190 191.5 192.5 193 192.8 192 190.8 189.5 188.3 186.8 185.5
183.2 183 182.7 182.5 182.5 182.8 182.5 181.5 180.8 180.5 180.8 181 181.3 182 182.5 182.5 183.3 185 187.3 188.8 189.3 189.2 188.5 187.5 187 186.8 187 188.3 189.3 189 188.5 189 189.8 189.8 187.5 186.3 186 185 183.3 183 184.3 185.5 187.8 191.5 194.5 196.5 199.8 199.5 199 199.3 198.5 195.7 193.5 192.8 193.3 194.3 193.5 191.7 187.2 185.5 185 185.8 187 188.5 189.8 189.7 188.7 187.2 187 190 191.5 192.5 191.5 190.7 189.3 187.8 186.5 185.8 185 184.2
183 183.3 183 182 181.5 181.8 181.5 180.5 180 180.3 180.8 180.5 180.8 181.3 181.8 182 182.3 183.3 184.8 186 187.3 188.3 188.2 186.5 185.7 185.5 186 186.8 187 186.5 186 186.8 188 188.5 187 185.2 184.5 183 180.8 181 183.3 184.5 185.8 189 192 193.8 195.8 195 195 196.5 197 194.7 191.7 190.3 191.3 192.8 192.2 190.7 186 184.7 184.5 185.3 186.3 187.5 189 189.2 188.2 186.5 186 188.5 190 191 191.5 190.7 189.3 187.8 186.5 184.7 184.2 183.7
182.5 183.5 183.7 182.5 181 180.8 181 180.7 180.5 180.8 181 180.5 180.8 181.3 181.8 181.7 181.5 182 182.8 183.3 184.5 186.3 187 185.7 185.2 185 185.3 185.5 185.5 185.2 185.3 186.3 187.5 187.7 187.3 184.7 183.5 181.5 179.2 179.3 181.5 183.3 184 186.3 189.5 191.3 192 191.3 191 192.8 194.5 194 191.2 189 189.5 190.5 189.8 188.3 185.2 185.3 185.5 186 186.5 187.3 188.8 189.5 188.5 186.5 185.8 187.5 188.5 189.5 190 189.2 187.7 186.2 185.2 184.7 184.2 183.7
